9765.625 
9993.09562774 
10225.8647271 
10464.0557152 
10707.7948842 
10957.2114678 
11212.4377099 
11473.608935 
11740.8636193 
12014.343465 
12294.1934746 
12580.5620283 
12873.6009625 
13173.4656503 
13480.315084 
13794.3119592 
14115.6227612 
14444.4178532 
14780.8715668 
15125.1622941 
15477.4725826 
15837.989232 
16206.9033929 
16584.4106686 
16970.7112183 
17366.0098637 
17770.5161974 
18184.444694 
18608.0148239 
19041.4511695 
19484.9835446 
19938.8471159 
20403.2825279 
20878.5360303 
21364.8596089 
21862.5111188 
22371.7544216 
22892.8595246 
23426.1027248 
23971.7667547 
24530.1409327 
25101.5213161 
25686.2108584 
26284.5195696 
26896.764681 
27523.2708131 
28164.3701477 
28820.4026042 
29491.7160196 
30178.6663331 
30881.6177751 
31600.9430595 
32337.0235823 
33090.249623 
33861.020552 
34649.7450423 
35456.8412861 
36282.7372165 
37127.8707344 
37992.6899408 
38877.6533744 
39783.2302543 
40709.9007295 
41658.156133 
42628.4992422 
43621.444546 
44637.5185171 
45677.2598913 
46741.2199534 
47829.9628289 
48944.0657839 
50084.1195304 
51250.72854 
52444.5113643 
53666.1009627 
54916.1450381 
56195.3063806 
57504.2632183 
58843.7095776 
60214.3556505 
61616.9281719 
63052.1708042 
64520.844532 
66023.7280656 
67561.6182538 
69135.3305063 
70745.6992261 
72393.578252 
74079.8413114 
75805.3824833 
77571.1166723 
79377.9800941 
81226.9307717 
83118.9490432 
85055.0380816 
87036.2244271 
89063.5585308 
91138.1153122 
93260.9947287 
95433.322359 
97656.25 
99930.9562774 
102258.647271 
104640.557152 
107077.948842 
109572.114678 
112124.377099 
114736.08935 
117408.636193 
120143.43465 
122941.934746 
125805.620283 
128736.009625 
131734.656503 
134803.15084 
137943.119592 
141156.227612 
144444.178532 
147808.715668 
151251.622941 
154774.725826 
158379.89232 
162069.033929 
165844.106686 
169707.112183 
173660.098637 
177705.161974 
181844.44694 
186080.148239 
190414.511695 
194849.835446 
199388.471159 
204032.825279 
208785.360303 
213648.596089 
218625.111188 
223717.544216 
228928.595246 
234261.027248 
239717.667547 
245301.409327 
251015.213161 
256862.108584 
262845.195696 
268967.64681 
275232.708131 
281643.701477 
288204.026042 
294917.160195 
301786.663331 
308816.177751 
316009.430595 
323370.235823 
330902.49623 
338610.20552 
346497.450423 
354568.412861 
362827.372165 
371278.707344 
379926.899408 
388776.533744 
397832.302543 
407099.007295 
416581.56133 
426284.992422 
436214.44546 
446375.185171 
456772.598913 
467412.199534 
478299.628289 
489440.657839 
500841.195304 
512507.2854 
524445.113643 
536661.009627 
549161.450381 
561953.063806 
575042.632183 
588437.095776 
602143.556505 
616169.281719 
630521.708042 
645208.44532 
660237.280656 
675616.182538 
691353.305063 
707456.992261 
723935.78252 
740798.413114 
758053.824833 
775711.166723 
793779.800941 
812269.307717 
831189.490432 
850550.380816 
870362.244271 
890635.585308 
911381.153122 
932609.947286 
954333.22359 
976562.5 
999309.562774 
1022586.47271 
1046405.57152 
1070779.48842 
1095721.14678 
1121243.77099 
1147360.8935 
1174086.36193 
1201434.3465 
1229419.34746 
1258056.20283 
1287360.09625 
1317346.56503 
1348031.5084 
1379431.19592 
1411562.27612 
1444441.78532 
1478087.15668 
1512516.22941 
1547747.25826 
1583798.9232 
1620690.33929 
1658441.06686 
1697071.12183 
1736600.98637 
1777051.61974 
1818444.4694 
1860801.48239 
1904145.11695 
1948498.35446 
1993884.71159 
2040328.25279 
2087853.60303 
2136485.96089 
2186251.11188 
2237175.44216 
2289285.95246 
2342610.27248 
2397176.67547 
2453014.09327 
2510152.13161 
2568621.08584 
2628451.95696 
2689676.4681 
2752327.08131 
2816437.01477 
2882040.26042 
2949171.60195 
3017866.63331 
3088161.77751 
3160094.30595 
3233702.35823 
3309024.9623 
3386102.0552 
3464974.50423 
3545684.12861 
3628273.72165 
3712787.07344 
3799268.99408 
3887765.33744 
3978323.02543 
4070990.07295 
4165815.6133 
4262849.92422 
4362144.4546 
4463751.85171 
4567725.98913 
4674121.99534 
4782996.28289 
4894406.57839 
5008411.95304 
5125072.854 
5244451.13643 
5366610.09627 
5491614.50381 
5619530.63806 
5750426.32183 
5884370.95776 
6021435.56505 
6161692.81719 
6305217.08042 
6452084.4532 
6602372.80656 
6756161.82538 
6913533.05063 
7074569.92261 
7239357.8252 
7407984.13114 
7580538.24833 
7757111.66723 
7937798.00941 
8122693.07717 
8311894.90432 
8505503.80816 
8703622.44271 
8906355.85308 
9113811.53122 
9326099.47286 
9543332.2359 
9765625.0 
9993095.62774 
10225864.7271 
10464055.7152 
10707794.8842 
10957211.4678 
11212437.7099 
11473608.935 
11740863.6193 
12014343.465 
12294193.4746 
12580562.0283 
12873600.9625 
13173465.6503 
13480315.084 
13794311.9592 
14115622.7612 
14444417.8532 
14780871.5668 
15125162.2941 
15477472.5826 
15837989.232 
16206903.3929 
16584410.6686 
16970711.2183 
17366009.8637 
17770516.1974 
18184444.694 
18608014.8239 
19041451.1695 
19484983.5446 
19938847.1159 
20403282.5279 
20878536.0303 
21364859.6089 
21862511.1188 
22371754.4216 
22892859.5246 
23426102.7248 
23971766.7547 
24530140.9327 
25101521.3161 
25686210.8583 
26284519.5696 
26896764.681 
27523270.8131 
28164370.1477 
28820402.6042 
29491716.0195 
30178666.3331 
30881617.7751 
31600943.0595 
32337023.5823 
33090249.623 
33861020.552 
34649745.0423 
35456841.2861 
36282737.2165 
37127870.7344 
37992689.9408 
38877653.3744 
39783230.2543 
40709900.7295 
41658156.133 
42628499.2422 
43621444.546 
44637518.5171 
45677259.8913 
46741219.9534 
47829962.8289 
48944065.7839 
50084119.5304 
51250728.54 
52444511.3643 
53666100.9626 
54916145.0381 
56195306.3806 
57504263.2183 
58843709.5776 
60214355.6505 
61616928.1719 
63052170.8042 
64520844.532 
66023728.0656 
67561618.2538 
69135330.5063 
70745699.2261 
72393578.252 
74079841.3114 
75805382.4833 
77571116.6723 
79377980.0941 
81226930.7717 
83118949.0432 
85055038.0816 
87036224.4271 
89063558.5308 
91138115.3122 
93260994.7286 
95433322.3589 
97656250.0 
99930956.2774 
102258647.271 
104640557.152 
107077948.842 
109572114.678 
112124377.099 
114736089.35 
117408636.193 
120143434.65 
122941934.745 
125805620.283 
128736009.625 
131734656.503 
134803150.84 
137943119.592 
141156227.612 
144444178.532 
147808715.668 
151251622.941 
154774725.826 
158379892.32 
162069033.929 
165844106.686 
169707112.183 
173660098.637 
177705161.974 
181844446.94 
186080148.239 
190414511.695 
194849835.446 
199388471.159 
204032825.279 
208785360.303 
213648596.089 
218625111.188 
223717544.216 
228928595.246 
234261027.248 
239717667.547 
245301409.327 
251015213.161 
256862108.583 
262845195.696 
268967646.81 
275232708.131 
281643701.477 
288204026.042 
294917160.195 
301786663.331 
308816177.751 
316009430.595 
323370235.823 
330902496.23 
338610205.52 
346497450.423 
354568412.861 
362827372.165 
371278707.344 
379926899.408 
388776533.744 
397832302.543 
407099007.295 
416581561.33 
426284992.422 
436214445.46 
446375185.171 
456772598.913 
467412199.534 
478299628.289 
489440657.839 
500841195.304 
512507285.4 
524445113.643 
536661009.626 
549161450.381 
561953063.806 
575042632.183 
588437095.776 
602143556.505 
616169281.719 
630521708.042 
645208445.32 
660237280.656 
675616182.538 
691353305.062 
707456992.261 
723935782.52 
740798413.114 
758053824.833 
775711166.723 
793779800.941 
812269307.717 
831189490.432 
850550380.816 
870362244.271 
890635585.308 
911381153.122 
932609947.286 
954333223.589 
976562500.0 
999309562.774 
1022586472.71 
1046405571.52 
1070779488.42 
1095721146.78 
1121243770.99 
1147360893.5 
1174086361.93 
1201434346.5 
1229419347.45 
1258056202.83 
1287360096.25 
1317346565.03 
1348031508.4 
1379431195.92 
1411562276.12 
1444441785.32 
1478087156.68 
1512516229.41 
1547747258.26 
1583798923.2 
1620690339.29 
1658441066.86 
1697071121.83 
1736600986.37 
1777051619.74 
1818444469.4 
1860801482.39 
1904145116.95 
1948498354.46 
1993884711.59 
2040328252.79 
2087853603.03 
2136485960.89 
2186251111.88 
2237175442.16 
2289285952.46 
2342610272.48 
2397176675.47 
2453014093.27 
2510152131.61 
2568621085.83 
2628451956.96 
2689676468.1 
2752327081.31 
2816437014.77 
2882040260.42 
2949171601.95 
3017866633.31 
3088161777.51 
3160094305.95 
3233702358.23 
3309024962.3 
3386102055.2 
3464974504.23 
3545684128.61 
3628273721.65 
3712787073.44 
3799268994.08 
3887765337.44 
3978323025.43 
4070990072.95 
4165815613.3 
4262849924.22 
4362144454.6 
4463751851.71 
4567725989.13 
4674121995.34 
4782996282.89 
4894406578.39 
5008411953.04 
5125072854.0 
5244451136.43 
5366610096.26 
5491614503.81 
5619530638.06 
5750426321.83 
5884370957.76 
6021435565.05 
6161692817.19 
6305217080.41 
6452084453.2 
6602372806.56 
6756161825.38 
6913533050.62 
7074569922.61 
7239357825.2 
7407984131.14 
7580538248.32 
7757111667.23 
7937798009.41 
8122693077.17 
8311894904.32 
8505503808.16 
8703622442.71 
8906355853.08 
9113811531.22 
9326099472.86 
9543332235.89 
9765625000.0 
9993095627.74 
10225864727.1 
10464055715.2 
10707794884.2 
10957211467.8 
11212437709.9 
11473608935.0 
11740863619.3 
12014343465.0 
12294193474.5 
12580562028.2 
12873600962.5 
13173465650.3 
13480315084.0 
13794311959.2 
14115622761.2 
14444417853.2 
14780871566.8 
15125162294.1 
15477472582.6 
15837989232.0 
16206903392.9 
16584410668.6 
16970711218.3 
17366009863.7 
17770516197.4 
18184444694.0 
18608014823.9 
19041451169.5 
19484983544.6 
19938847115.9 
20403282527.9 
20878536030.3 
21364859608.9 
21862511118.8 
22371754421.6 
22892859524.6 
23426102724.8 
23971766754.7 
24530140932.7 
25101521316.1 
25686210858.3 
26284519569.6 
26896764681.0 
27523270813.1 
28164370147.7 
28820402604.2 
29491716019.5 
30178666333.1 
30881617775.1 
31600943059.5 
32337023582.3 
33090249623.0 
33861020552.0 
34649745042.3 
35456841286.1 
36282737216.5 
37127870734.4 
37992689940.8 
38877653374.4 
39783230254.3 
40709900729.5 
41658156133.0 
42628499242.2 
43621444546.0 
44637518517.1 
45677259891.3 
46741219953.4 
47829962828.9 
48944065783.9 
50084119530.4 
51250728540.0 
52444511364.3 
53666100962.6 
54916145038.1 
56195306380.6 
57504263218.3 
58843709577.6 
60214355650.5 
61616928171.9 
63052170804.1 
64520844532.0 
66023728065.6 
67561618253.8 
69135330506.2 
70745699226.0 
72393578252.0 
74079841311.4 
75805382483.2 
77571116672.3 
79377980094.1 
81226930771.7 
83118949043.2 
85055038081.6 
87036224427.1 
89063558530.8 
91138115312.2 
93260994728.6 
95433322358.9 
97656250000.0 
99930956277.4 
