0.0 21.8168324905 
0.5 48.6755101427 
1.0 87.6389588586 
1.5 139.304061118 
2.0 203.549128579 
2.5 279.603067461 
3.0 366.133318665 
3.5 461.338964253 
4.0 563.064644722 
4.5 668.91060627 
5.0 776.330396398 
5.5 882.77832051 
6.0 985.761615854 
6.5 1082.97311593 
7.0 1172.31715603 
7.5 1252.02952385 
8.0 1320.63432635 
8.5 1377.05720443 
9.0 1420.57287189 
9.5 1450.79716158 
10.0 1467.72468306 
10.5 1471.65225784 
11.0 1463.12640464 
11.5 1442.97201807 
12.0 1412.19190378 
12.5 1371.92726495 
13.0 1323.40743343 
13.5 1267.95459764 
14.0 1206.88866098 
14.5 1141.51305896 
15.0 1073.06964241 
15.5 1002.7475126 
16.0 931.64790972 
16.5 860.736092754 
17.0 790.89111132 
17.5 722.838385588 
18.0 657.209036357 
18.5 594.505543307 
19.0 535.109871456 
19.5 479.301839539 
20.0 427.263220109 
20.5 379.086640461 
21.0 334.793530525 
21.5 294.334311729 
22.0 257.611809242 
22.5 224.48190222 
23.0 194.766712305 
23.5 168.26281875 
24.0 144.753485381 
24.5 124.011662372 
25.0 105.806016692 
25.5 89.9063065899 
26.0 76.0901043246 
26.5 64.1414563343 
27.0 53.8567898725 
27.5 45.0451204613 
28.0 37.5297307465 
28.5 31.1490795037 
29.0 25.7551683069 
29.5 21.2155059759 
30.0 17.4109778416 
30.5 14.2357702251 
31.0 11.5971008292 
31.5 9.41297887535 
32.0 7.61258587112 
32.5 6.13449906373 
33.0 4.92559291053 
33.5 3.94091637753 
34.0 3.14198261068 
34.5 2.49622638776 
35.0 1.97624414692 
35.5 1.55914596863 
36.0 1.22584741685 
36.5 0.960460620693 
37.0 0.749962554171 
37.5 0.583600094942 
38.0 0.452593454748 
38.5 0.349809095931 
39.0 0.269456160956 
39.5 0.206864993082 
40.0 0.158283257947 
