0.0 
0.31313131313131315 
0.6262626262626263 
0.9393939393939394 
1.2525252525252526 
1.5656565656565657 
1.878787878787879 
2.191919191919192 
2.505050505050505 
2.8181818181818183 
3.1313131313131315 
3.4444444444444446 
3.757575757575758 
4.070707070707071 
4.383838383838384 
4.696969696969697 
5.01010101010101 
5.3232323232323235 
5.636363636363637 
5.94949494949495 
6.262626262626263 
6.575757575757576 
6.888888888888889 
7.202020202020202 
7.515151515151516 
7.828282828282829 
8.141414141414142 
8.454545454545455 
8.767676767676768 
9.080808080808081 
9.393939393939394 
9.707070707070708 
10.02020202020202 
10.333333333333334 
10.646464646464647 
10.95959595959596 
11.272727272727273 
11.585858585858587 
11.8989898989899 
12.212121212121213 
12.525252525252526 
12.83838383838384 
13.151515151515152 
13.464646464646465 
13.777777777777779 
14.090909090909092 
14.404040404040405 
14.717171717171718 
15.030303030303031 
15.343434343434344 
15.656565656565657 
15.96969696969697 
16.282828282828284 
16.5959595959596 
16.90909090909091 
17.22222222222222 
17.535353535353536 
17.84848484848485 
18.161616161616163 
18.474747474747474 
18.78787878787879 
19.101010101010104 
19.414141414141415 
19.727272727272727 
20.04040404040404 
20.353535353535356 
20.666666666666668 
20.97979797979798 
21.292929292929294 
21.60606060606061 
21.91919191919192 
22.232323232323232 
22.545454545454547 
22.85858585858586 
23.171717171717173 
23.484848484848484 
23.7979797979798 
24.111111111111114 
24.424242424242426 
24.737373737373737 
25.050505050505052 
25.363636363636367 
25.67676767676768 
25.98989898989899 
26.303030303030305 
26.61616161616162 
26.92929292929293 
27.242424242424242 
27.555555555555557 
27.868686868686872 
28.181818181818183 
28.494949494949495 
28.80808080808081 
29.121212121212125 
29.434343434343436 
29.747474747474747 
30.060606060606062 
30.373737373737377 
30.68686868686869 
31.0 
